-0.518764 -0.842175 0.003742
-0.546031 -0.842997 0.004030
-0.536763 -0.842997 0.004030
-0.520373 -0.843819 0.003742
-0.536206 -0.842997 0.004030
-0.545745 -0.841352 0.004030
-0.509154 -0.855333 0.003742
-0.512791 -0.855333 0.003742
-0.518764 -0.842175 0.003742
-0.518764 -0.842175 0.003742
-0.545745 -0.841352 0.004030
-0.554034 -0.818324 0.004606
-0.491334 -0.754996 0.006621
-0.501130 -0.756641 0.004893
-0.507139 -0.765688 0.007484
-0.471878 -0.754996 0.004893
-0.482314 -0.774735 0.004893
-0.509673 -0.737622 0.003454
-0.512791 -0.748417 0.003742
-0.557820 -0.713874 0.004606
-0.554034 -0.716033 0.004606
-0.545398 -0.739062 0.004030
-0.518764 -0.736903 0.003742
-0.518764 -0.736903 0.003742
-0.554034 -0.716033 0.004606
-0.546031 -0.737622 0.004030
-0.512791 -0.748417 0.003742
-0.545398 -0.739062 0.004030
-0.509673 -0.737622 0.003454
-0.546031 -0.737622 0.004030
-0.509673 -0.737622 0.003454
-0.509673 -0.737622 0.003454
-0.509673 -0.737622 0.003454
-0.509673 -0.737622 0.003454
-0.509673 -0.737622 0.003454
-0.509673 -0.737622 0.003454
-0.509673 -0.737622 0.003454
-0.518764 -0.736903 0.003742
-0.518764 -0.736903 0.003742
-0.518764 -0.736903 0.003742
-0.518764 -0.736903 0.003742
-0.518764 -0.736903 0.003742
-0.518764 -0.736903 0.003742
-0.518764 -0.736903 0.003742
-0.518764 -0.736903 0.003742
-0.518764 -0.736903 0.003742
-0.518764 -0.736903 0.003742
-0.518764 -0.736903 0.003742
-0.518764 -0.736903 0.003742
-0.518764 -0.736903 0.003742
-0.518764 -0.736903 0.003742
-0.546031 -0.737622 0.004030
-0.546031 -0.737622 0.004030
-0.546031 -0.737622 0.004030
-0.546031 -0.737622 0.004030
-0.546031 -0.737622 0.004030
-0.546031 -0.737622 0.004030
-0.546031 -0.737622 0.004030
-0.545398 -0.739062 0.004030
-0.545398 -0.739062 0.004030
-0.545398 -0.739062 0.004030
-0.554034 -0.716033 0.004606
-0.554034 -0.716033 0.004606
-0.554034 -0.716033 0.004606
-0.554034 -0.716033 0.004606
-0.554034 -0.716033 0.004606
-0.554034 -0.716033 0.004606
-0.554034 -0.716033 0.004606
-0.509673 -0.736903 0.003454
-0.509154 -0.748417 0.003742
-0.509154 -0.748417 0.003742
-0.548079 -0.713155 0.004606
-0.548079 -0.713155 0.004606
-0.509673 -0.736903 0.003454
-0.536763 -0.737622 0.004030
-0.536763 -0.737622 0.004030
-0.545745 -0.736183 0.004030
-0.545924 -0.734024 0.004030
-0.545924 -0.734024 0.004030
-0.545745 -0.736183 0.004030
-0.509673 -0.736903 0.003454
-0.509154 -0.748417 0.003742
-0.509154 -0.748417 0.003742
-0.509154 -0.748417 0.003742
-0.509154 -0.748417 0.003742
-0.509154 -0.748417 0.003742
-0.509154 -0.748417 0.003742
-0.509154 -0.748417 0.003742
-0.509154 -0.748417 0.003742
-0.545745 -0.736183 0.004030
-0.545745 -0.736183 0.004030
-0.545745 -0.736183 0.004030
-0.545745 -0.736183 0.004030
-0.545745 -0.736183 0.004030
-0.545745 -0.736183 0.004030
-0.545745 -0.736183 0.004030
-0.545745 -0.736183 0.004030
-0.548079 -0.713155 0.004606
-0.548079 -0.713155 0.004606
-0.548079 -0.713155 0.004606
-0.548079 -0.713155 0.004606
-0.548079 -0.713155 0.004606
-0.548079 -0.713155 0.004606
-0.548079 -0.713155 0.004606
-0.548079 -0.713155 0.004606
-0.548079 -0.713155 0.004606
-0.548079 -0.713155 0.004606
-0.548079 -0.713155 0.004606
-0.548079 -0.713155 0.004606
-0.548079 -0.713155 0.004606
-0.548079 -0.713155 0.004606
-0.548079 -0.713155 0.004606
-0.548079 -0.713155 0.004606
-0.548079 -0.713155 0.004606
-0.548079 -0.713155 0.004606
-0.548079 -0.713155 0.004606
-0.548079 -0.713155 0.004606
-0.548079 -0.713155 0.004606
-0.548079 -0.713155 0.004606
-0.548079 -0.713155 0.004606
-0.548079 -0.713155 0.004606
-0.548079 -0.713155 0.004606
-0.548079 -0.713155 0.004606
-0.548079 -0.713155 0.004606
-0.548079 -0.713155 0.004606
-0.548079 -0.713155 0.004606
-0.548079 -0.713155 0.004606
-0.548079 -0.713155 0.004606
-0.548079 -0.713155 0.004606
-0.548079 -0.713155 0.004606
-0.548079 -0.713155 0.004606
-0.548079 -0.713155 0.004606
-0.548079 -0.713155 0.004606
-0.509673 -0.736903 0.003742
-0.508628 -0.748417 0.003742
-0.544792 -0.720351 0.004030
-0.536206 -0.737622 0.004030
-0.509673 -0.736903 0.003742
-0.536206 -0.737622 0.004030
-0.509673 -0.736903 0.003742
-0.509673 -0.736903 0.003742
-0.509673 -0.736903 0.003742
-0.509673 -0.736903 0.003742
-0.509673 -0.736903 0.003742
-0.509673 -0.736903 0.003742
-0.509673 -0.736903 0.003742
-0.509673 -0.736903 0.003742
-0.509673 -0.736903 0.003742
-0.509673 -0.736903 0.003742
-0.509673 -0.736903 0.003742
-0.509673 -0.736903 0.003742
-0.509673 -0.736903 0.003742
-0.509673 -0.736903 0.003742
-0.509673 -0.736903 0.003742
-0.509673 -0.736903 0.003742
-0.509673 -0.736903 0.003742
-0.509673 -0.736903 0.003742
-0.509673 -0.736903 0.003742
-0.509673 -0.736903 0.003742
-0.509673 -0.736903 0.003742
-0.509673 -0.736903 0.003742
-0.509673 -0.736903 0.003742
-0.509673 -0.736903 0.003742
-0.509673 -0.736903 0.003742
-0.509673 -0.736903 0.003742
-0.509673 -0.736903 0.003742
-0.509673 -0.736903 0.003742
-0.509673 -0.736903 0.003742
-0.509673 -0.736903 0.003742
-0.509673 -0.736903 0.003742
-0.509673 -0.736903 0.003742
-0.509673 -0.736903 0.003742
-0.509673 -0.736903 0.003742
-0.509673 -0.736903 0.003742
-0.509673 -0.736903 0.003742
-0.509673 -0.736903 0.003742
-0.509673 -0.736903 0.003742
-0.509673 -0.736903 0.003742
-0.509673 -0.736903 0.003742
-0.509673 -0.736903 0.003742
-0.509673 -0.736903 0.003742
-0.536206 -0.737622 0.004030
-0.536206 -0.737622 0.004030
-0.505964 -0.734024 0.003742
-0.505837 -0.747697 0.003742
-0.507835 -0.748417 0.004030
-0.544329 -0.712435 0.004606
-0.544329 -0.712435 0.004606
-0.536206 -0.736903 0.004030
-0.536206 -0.736903 0.004030
-0.544250 -0.719632 0.004030
-0.544250 -0.719632 0.004030
-0.505964 -0.734024 0.003742
-0.505837 -0.747697 0.003742
-0.505964 -0.734024 0.003742
-0.505964 -0.734024 0.003742
-0.505964 -0.734024 0.003742
-0.505837 -0.747697 0.003742
-0.505837 -0.747697 0.003742
-0.505837 -0.747697 0.003742
-0.505837 -0.747697 0.003742
-0.505837 -0.747697 0.003742
-0.505837 -0.747697 0.003742
-0.505837 -0.747697 0.003742
-0.505837 -0.747697 0.003742
-0.505837 -0.747697 0.003742
-0.505837 -0.747697 0.003742
-0.505837 -0.747697 0.003742
-0.505837 -0.747697 0.003742
-0.505837 -0.747697 0.003742
-0.505837 -0.747697 0.003742
-0.505837 -0.747697 0.003742
-0.505837 -0.747697 0.003742
-0.505837 -0.747697 0.003742
-0.505837 -0.747697 0.003742
-0.536206 -0.736903 0.004030
-0.536206 -0.736903 0.004030
-0.544329 -0.712435 0.004606
-0.544329 -0.712435 0.004606
-0.544329 -0.712435 0.004606
-0.544329 -0.712435 0.004606
-0.544329 -0.712435 0.004606
-0.544329 -0.712435 0.004606
-0.544329 -0.712435 0.004606
-0.544329 -0.712435 0.004606
-0.544329 -0.712435 0.004606
-0.544329 -0.712435 0.004606
-0.544329 -0.712435 0.004606
-0.544329 -0.712435 0.004606
-0.544329 -0.712435 0.004606
-0.544329 -0.712435 0.004606
-0.544329 -0.712435 0.004606
-0.544329 -0.712435 0.004606
-0.544329 -0.712435 0.004606
-0.544329 -0.712435 0.004606
-0.505837 -0.746978 0.003742
-0.505837 -0.746978 0.003742
-0.544250 -0.718912 0.004030
-0.544250 -0.718912 0.004030
-0.535124 -0.736903 0.004030
-0.505837 -0.746978 0.003742
-0.505837 -0.746978 0.003742
-0.505837 -0.746978 0.003742
-0.505837 -0.746978 0.003742
-0.544250 -0.718912 0.004030
-0.544250 -0.718912 0.004030
-0.474489 -0.721071 0.003742
-0.535124 -0.736183 0.004030
-0.505837 -0.746258 0.004030
-0.535124 -0.736183 0.004030
-0.505837 -0.746258 0.004030
-0.535124 -0.736183 0.004030
-0.503103 -0.693005 0.004030
-0.473741 -0.701641 0.004606
-0.509273 -0.722510 0.004893
-0.491514 -0.655584 0.004893
-0.464633 -0.680052 0.004893
-0.465128 -0.704519 0.005469
-0.499506 -0.657743 0.006621
-0.496436 -0.666379 0.009211
-0.477256 -0.688687 0.006621
-0.481335 -0.662781 0.004893
-0.490007 -0.669257 0.005757
-0.490795 -0.686529 0.006045
-0.490449 -0.658463 0.005181
-0.473962 -0.662061 0.005757
-0.484278 -0.680771 0.006621
-0.471770 -0.651267 0.005757
-0.467551 -0.652706 0.005757
-0.480962 -0.656304 0.006621
-0.474259 -0.666379 0.006621
-0.480701 -0.665659 0.006621
-0.467438 -0.654145 0.006621
