-0.528498 -0.722510 0.003454
-0.506863 -0.749136 0.003742
-0.519487 -0.776482 0.004030
-1.000000 -0.000000 1.000000
-1.000000 -0.000000 1.000000
-0.984102 -0.033823 0.087795
-0.982855 -0.038140 0.086931
-0.972051 -0.060449 0.062752
-0.766604 -0.474237 0.006621
-0.789030 -0.431779 0.006908
-0.682950 -0.586500 0.004893
-0.714206 -0.545481 0.006621
-0.749954 -0.479275 0.006621
-0.690642 -0.567070 0.005757
-0.979151 -0.041019 0.056707
-0.729904 -0.513097 0.004893
-0.883398 -0.251871 0.010075
-0.638103 -0.651986 0.004893
-0.533378 -0.771445 0.005757
-0.674839 -0.604490 0.005757
-0.664884 -0.609528 0.006621
-0.930347 -0.141767 0.017271
-0.702311 -0.558434 0.006621
-0.842033 -0.324554 0.009211
-0.927983 -0.155440 0.016983
-0.976517 -0.048215 0.053253
-0.794621 -0.417386 0.006908
-0.725237 -0.536125 0.004893
-0.575052 -0.718912 0.005469
-0.678723 -0.598733 0.005757
-0.627806 -0.654865 0.004893
-0.854417 -0.305124 0.010075
-0.707342 -0.551238 0.005757
-0.546075 -0.733305 0.004030
-0.847083 -0.315199 0.010075
-0.933443 -0.132412 0.025043
-0.541378 -0.741940 0.004030
-0.871564 -0.263385 0.011802
-0.516502 -0.746978 0.003742
-0.603222 -0.681491 0.005757
-0.725654 -0.535406 0.005757
-0.876904 -0.254750 0.014393
-0.973409 -0.057571 0.062752
-0.625009 -0.670697 0.004893
-0.778101 -0.441854 0.006908
-0.646691 -0.637594 0.008348
-0.818375 -0.361975 0.010938
-0.923878 -0.163356 0.016120
-0.796315 -0.410910 0.007772
-0.586395 -0.714594 0.005469
-0.745194 -0.488630 0.006621
-0.611223 -0.680052 0.005469
-0.893646 -0.230282 0.011802
-0.835731 -0.333189 0.011802
-0.644018 -0.644790 0.008348
-0.659387 -0.621042 0.005757
-0.600147 -0.687248 0.005757
-0.967074 -0.071244 0.037709
-0.555575 -0.718912 0.004030
-0.800791 -0.401554 0.006908
-0.561797 -0.705239 0.004030
-0.812801 -0.371330 0.008348
-0.946239 -0.109384 0.021301
-0.861882 -0.290012 0.012090
-0.694998 -0.562752 0.007484
-0.808872 -0.385003 0.009211
-0.520477 -0.744099 0.004318
-0.918106 -0.171272 0.016120
-0.959942 -0.084197 0.032527
-0.771848 -0.441854 0.006621
-0.613126 -0.674295 0.005181
-0.943793 -0.113702 0.019862
-0.954047 -0.095711 0.048071
-0.589804 -0.702360 0.005469
-0.856699 -0.292890 0.012953
-0.778052 -0.448330 0.006908
-0.507367 -0.748417 0.003742
-0.955562 -0.092832 0.048071
-0.975897 -0.051094 0.047208
-0.865948 -0.278497 0.012953
-0.802264 -0.395797 0.009211
-0.963667 -0.074842 0.035982
-0.906832 -0.198618 0.015256
-0.822989 -0.358377 0.010075
-0.596064 -0.695164 0.006333
-0.939966 -0.115141 0.047208
-0.897348 -0.223805 0.011802
-0.830406 -0.338227 0.010075
-0.570195 -0.698043 0.004030
-0.936586 -0.124496 0.040299
-0.766819 -0.454807 0.007484
-0.814670 -0.369171 0.009211
-0.912578 -0.179188 0.026482
-0.571497 -0.723230 0.004318
-0.626891 -0.662061 0.004893
-0.737806 -0.502303 0.007484
-0.890345 -0.238918 0.010938
-0.805899 -0.390760 0.007484
-0.909642 -0.187824 0.029937
-0.920573 -0.168394 0.016120
-0.908784 -0.192142 0.026482
-0.874812 -0.260507 0.011802
-0.845711 -0.319516 0.010075
-0.864594 -0.284974 0.012953
-0.560580 -0.714594 0.004030
-0.951662 -0.093552 0.043754
-0.745515 -0.481433 0.006621
-0.902987 -0.201497 0.021589
-0.911425 -0.174870 0.018998
-0.823718 -0.352619 0.008348
-0.618170 -0.649108 0.004030
-0.595228 -0.700201 0.004893
-0.827308 -0.343264 0.008348
-0.528948 -0.763529 0.004893
-0.549853 -0.719632 0.004030
-0.947962 -0.098590 0.034254
-0.962282 -0.078440 0.035118
-0.950424 -0.097870 0.038572
-0.586445 -0.708837 0.004318
-0.865879 -0.274180 0.011802
-0.826766 -0.347582 0.008348
-0.970078 -0.064047 0.043754
-0.694174 -0.552677 0.004893
-0.855828 -0.300086 0.010075
-0.654104 -0.623201 0.008348
-0.900298 -0.205815 0.011802
-0.618170 -0.649108 0.004030
-0.900535 -0.213011 0.015256
-0.970873 -0.062608 0.043754
-0.733420 -0.508060 0.005181
-0.734150 -0.507340 0.006621
-0.960425 -0.081318 0.032527
-0.528948 -0.763529 0.004893
-0.651975 -0.627519 0.006621
-0.771277 -0.452648 0.008348
-0.889156 -0.239637 0.010938
-0.889156 -0.239637 0.010938
-0.768037 -0.454088 0.006908
-0.549344 -0.739781 0.004318
-0.651975 -0.627519 0.006621
-0.934132 -0.125216 0.030800
-0.898907 -0.218768 0.015256
-0.898680 -0.216609 0.013529
-0.833980 -0.336068 0.012666
-0.902987 -0.200777 0.016983
-0.807285 -0.387162 0.009211
-0.661621 -0.608089 0.006045
-0.935188 -0.127375 0.037709
-0.740767 -0.479994 0.005757
-0.663109 -0.606649 0.006045
-0.737806 -0.502303 0.007484
-0.936159 -0.118020 0.026482
-0.912071 -0.182786 0.026482
-0.645377 -0.625360 0.005757
-0.936513 -0.120898 0.028210
-0.935437 -0.123057 0.028210
-0.947962 -0.098590 0.034254
-0.740767 -0.479994 0.005757
-0.653370 -0.622481 0.006621
-0.833980 -0.336068 0.012666
-0.570195 -0.698043 0.004030
-0.549344 -0.739781 0.004318
-0.555269 -0.713874 0.004030
-0.515278 -0.761370 0.004893
-0.523274 -0.770725 0.005757
-0.984102 -0.033103 0.110535
-0.948541 -0.084197 0.063615
-0.928164 -0.096431 0.029937
-0.982326 -0.035262 0.086931
-0.887082 -0.233880 0.016120
-0.838307 -0.320956 0.011802
-0.973999 -0.050374 0.047208
-0.865461 -0.263385 0.014393
-0.913469 -0.171272 0.021301
-0.895493 -0.188543 0.026482
-0.923878 -0.162637 0.016983
-0.725530 -0.513817 0.006621
-0.749395 -0.479275 0.006908
-0.611209 -0.678613 0.005757
-0.861208 -0.289292 0.012953
-0.689554 -0.562032 0.005757
-0.963452 -0.074842 0.035982
-0.586395 -0.708837 0.005469
-0.539689 -0.734024 0.004606
-0.829941 -0.335348 0.012090
-0.782961 -0.400115 0.010075
-0.966814 -0.068365 0.043754
-0.770851 -0.432499 0.010938
-0.707342 -0.550518 0.006621
-0.821432 -0.356937 0.010938
-0.646691 -0.636874 0.008348
-0.570195 -0.697323 0.004893
-0.662537 -0.604490 0.006621
-0.805899 -0.390040 0.008348
-0.535232 -0.730426 0.004030
-0.680040 -0.579303 0.005757
-0.566454 -0.716753 0.004318
-0.793446 -0.392199 0.008060
-0.627806 -0.653425 0.004893
-0.894436 -0.187104 0.017847
-0.582956 -0.710276 0.005469
-0.812198 -0.365573 0.010075
-0.757978 -0.466321 0.007484
-0.633363 -0.635435 0.006621
-0.618275 -0.667818 0.005181
-0.809030 -0.369891 0.009211
-0.639843 -0.621762 0.005757
-0.623663 -0.665659 0.005181
-0.863062 -0.284974 0.012953
-0.719647 -0.518854 0.006621
-0.767779 -0.438256 0.008348
-0.675155 -0.584341 0.005757
-0.664434 -0.587939 0.005757
-0.716704 -0.530368 0.005469
-0.752837 -0.473518 0.006621
-0.640404 -0.613846 0.006621
-0.788047 -0.397956 0.010075
-0.675732 -0.589378 0.007484
-0.763131 -0.451209 0.006621
-0.762360 -0.452648 0.006621
-0.709959 -0.536125 0.005469
-0.711031 -0.532527 0.004893
-0.519063 -0.718192 0.004893
-0.506165 -0.737622 0.005757
-0.962268 -0.074842 0.035982
-0.673317 -0.585780 0.007772
-0.611660 -0.652706 0.005757
-0.796679 -0.389321 0.010075
-0.720694 -0.487191 0.006621
-0.684597 -0.560593 0.005757
-0.923556 -0.139609 0.029073
-0.756520 -0.465602 0.007484
-0.574736 -0.707398 0.005757
-0.802057 -0.359816 0.014680
-0.859900 -0.269862 0.021589
-0.833834 -0.320236 0.011802
-0.883314 -0.208693 0.016120
-0.882536 -0.213731 0.025043
-0.859139 -0.284974 0.013529
-0.739601 -0.478555 0.008636
-0.600687 -0.672856 0.006621
-0.835197 -0.315199 0.015256
-0.582460 -0.703800 0.005757
-0.911084 -0.167674 0.029073
-0.908709 -0.166955 0.025619
-0.921856 -0.158319 0.023892
-0.753356 -0.466321 0.009211
-0.609626 -0.669257 0.005757
-0.609862 -0.664940 0.005757
-0.503661 -0.731146 0.005757
-0.920838 -0.141767 0.028210
-0.911751 -0.147524 0.029937
-0.756520 -0.464882 0.009211
-0.830423 -0.318797 0.011802
-0.879903 -0.198618 0.019574
-0.794877 -0.387162 0.010075
