-0.501518 -0.724104 0.019759
-0.501518 -0.724104 0.019759
-0.487248 -0.731468 0.017182
-0.511457 -0.709377 0.014605
-0.495122 -0.726559 0.015464
-0.494352 -0.719195 0.014605
-0.517866 -0.719195 0.017182
-0.498298 -0.719195 0.014605
-0.503078 -0.724104 0.019759
-0.511457 -0.709377 0.014605
-0.469918 -0.675012 0.019759
-0.478766 -0.684831 0.017182
-0.479045 -0.662739 0.017182
-0.444800 -0.682376 0.018900
-0.461730 -0.684831 0.022337
-0.478289 -0.684831 0.019759
-0.512258 -0.709377 0.014605
-0.480341 -0.729013 0.014605
-0.526108 -0.709377 0.017182
-0.484011 -0.733922 0.017182
-0.503078 -0.724104 0.019759
-0.521521 -0.719195 0.017182
-0.487248 -0.731468 0.017182
-0.495122 -0.729013 0.015464
-0.498298 -0.719195 0.014605
-0.512258 -0.709377 0.014605
-0.503078 -0.724104 0.019759
-0.496613 -0.726559 0.015464
-0.484011 -0.733922 0.017182
-0.480341 -0.729013 0.014605
-0.512258 -0.709377 0.014605
-0.512258 -0.709377 0.014605
-0.512258 -0.709377 0.014605
-0.512258 -0.709377 0.014605
-0.512258 -0.709377 0.014605
-0.480341 -0.729013 0.014605
-0.480341 -0.729013 0.014605
-0.480341 -0.729013 0.014605
-0.480341 -0.729013 0.014605
-0.480341 -0.729013 0.014605
-0.480341 -0.729013 0.014605
-0.480341 -0.729013 0.014605
-0.480341 -0.729013 0.014605
-0.480341 -0.729013 0.014605
-0.480341 -0.729013 0.014605
-0.480341 -0.729013 0.014605
-0.503078 -0.724104 0.019759
-0.503078 -0.724104 0.019759
-0.503078 -0.724104 0.019759
-0.503078 -0.724104 0.019759
-0.503078 -0.724104 0.019759
