-0.528387 -0.651629 0.122807
-0.522674 -0.651629 0.122807
-0.528387 -0.651629 0.122807
-0.530609 -0.651629 0.122807
-0.522674 -0.651629 0.122807
-0.528387 -0.651629 0.122807
-0.527478 -0.651629 0.122807
-0.522674 -0.651629 0.122807
-0.528387 -0.651629 0.122807
-0.533802 -0.651629 0.122807
-0.522674 -0.651629 0.122807
-0.530609 -0.651629 0.122807
-0.522674 -0.651629 0.122807
-0.526369 -0.651629 0.122807
-0.417943 -0.551378 0.122807
-0.417685 -0.551378 0.175439
-0.416000 -0.526316 0.157895
-0.434293 -0.551378 0.149123
-0.400878 -0.551378 0.122807
-0.412289 -0.501253 0.149123
-0.416189 -0.601504 0.122807
-0.399798 -0.526316 0.236842
-0.399741 -0.551378 0.122807
-0.530609 -0.651629 0.122807
-0.530609 -0.651629 0.122807
-0.530609 -0.651629 0.122807
